Case #1 :
21 12 7 2 19 6 17 20 13 8 11 22 1 18 3 16 5 24 9 14 23 10 15 4 25 
Case #2 :
21 12 7 2 19 6 17 20 13 8 11 22 1 18 3 16 5 24 9 14 23 10 15 4 25 
Case #3 :
21 12 7 2 19 6 17 20 13 8 11 22 1 18 3 16 5 24 9 14 23 10 15 4 25 
Case #4 :
21 12 7 2 19 6 17 20 13 8 11 22 1 18 3 16 5 24 9 14 23 10 15 4 25 
Case #5 :
21 12 7 2 19 6 17 20 13 8 11 22 1 18 3 16 5 24 9 14 23 10 15 4 25 
Case #6 :
21 12 7 2 19 6 17 20 13 8 11 22 1 18 3 16 5 24 9 14 23 10 15 4 25 
Case #7 :
21 12 7 2 19 6 17 20 13 8 11 22 1 18 3 16 5 24 9 14 23 10 15 4 25 
Case #8 :
21 12 7 2 19 6 17 20 13 8 11 22 1 18 3 16 5 24 9 14 23 10 15 4 25 
Case #9 :
23 12 7 2 25 6 17 24 13 8 11 22 1 18 3 16 5 20 9 14 21 10 15 4 19 
Case #10 :
23 12 7 2 25 6 17 24 13 8 11 22 1 18 3 16 5 20 9 14 21 10 15 4 19 
Case #11 :
23 12 7 2 25 6 17 24 13 8 11 22 1 18 3 16 5 20 9 14 21 10 15 4 19 
Case #12 :
23 12 7 2 25 6 17 24 13 8 11 22 1 18 3 16 5 20 9 14 21 10 15 4 19 
Case #13 :
23 12 7 2 25 6 17 24 13 8 11 22 1 18 3 16 5 20 9 14 21 10 15 4 19 
Case #14 :
23 12 7 2 25 6 17 24 13 8 11 22 1 18 3 16 5 20 9 14 21 10 15 4 19 
Case #15 :
23 12 7 2 25 6 17 24 13 8 11 22 1 18 3 16 5 20 9 14 21 10 15 4 19 
Case #16 :
23 12 7 2 25 6 17 24 13 8 11 22 1 18 3 16 5 20 9 14 21 10 15 4 19 
Case #17 :
23 12 7 2 21 6 17 22 13 8 11 24 1 20 3 16 5 18 9 14 25 10 15 4 19 
Case #18 :
23 12 7 2 21 6 17 22 13 8 11 24 1 20 3 16 5 18 9 14 25 10 15 4 19 
Case #19 :
23 12 7 2 21 6 17 22 13 8 11 24 1 20 3 16 5 18 9 14 25 10 15 4 19 
Case #20 :
23 12 7 2 21 6 17 22 13 8 11 24 1 20 3 16 5 18 9 14 25 10 15 4 19 
Case #21 :
23 12 7 2 21 6 17 22 13 8 11 24 1 20 3 16 5 18 9 14 25 10 15 4 19 
Case #22 :
23 12 7 2 21 6 17 22 13 8 11 24 1 20 3 16 5 18 9 14 25 10 15 4 19 
Case #23 :
23 12 7 2 21 6 17 22 13 8 11 24 1 20 3 16 5 18 9 14 25 10 15 4 19 
Case #24 :
23 12 7 2 21 6 17 22 13 8 11 24 1 20 3 16 5 18 9 14 25 10 15 4 19 
Case #25 :
21 12 7 2 23 6 17 22 13 8 11 20 1 24 3 16 5 18 9 14 19 10 15 4 25 
Case #26 :
21 12 7 2 23 6 17 22 13 8 11 20 1 24 3 16 5 18 9 14 19 10 15 4 25 
Case #27 :
21 12 7 2 23 6 17 22 13 8 11 20 1 24 3 16 5 18 9 14 19 10 15 4 25 
Case #28 :
21 12 7 2 23 6 17 22 13 8 11 20 1 24 3 16 5 18 9 14 19 10 15 4 25 
Case #29 :
21 12 7 2 23 6 17 22 13 8 11 20 1 24 3 16 5 18 9 14 19 10 15 4 25 
Case #30 :
21 12 7 2 23 6 17 22 13 8 11 20 1 24 3 16 5 18 9 14 19 10 15 4 25 
Case #31 :
21 12 7 2 23 6 17 22 13 8 11 20 1 24 3 16 5 18 9 14 19 10 15 4 25 
Case #32 :
21 12 7 2 23 6 17 22 13 8 11 20 1 24 3 16 5 18 9 14 19 10 15 4 25 
Case #33 :
23 8 13 2 21 14 3 22 7 12 9 24 1 20 17 4 15 18 11 6 25 10 5 16 19 
Case #34 :
23 8 13 2 21 14 3 22 7 12 9 24 1 20 17 4 15 18 11 6 25 10 5 16 19 
Case #35 :
23 8 13 2 21 14 3 22 7 12 9 24 1 20 17 4 15 18 11 6 25 10 5 16 19 
Case #36 :
23 8 13 2 21 14 3 22 7 12 9 24 1 20 17 4 15 18 11 6 25 10 5 16 19 
Case #37 :
23 8 13 2 21 14 3 22 7 12 9 24 1 20 17 4 15 18 11 6 25 10 5 16 19 
Case #38 :
23 8 13 2 21 14 3 22 7 12 9 24 1 20 17 4 15 18 11 6 25 10 5 16 19 
Case #39 :
23 8 13 2 21 14 3 22 7 12 9 24 1 20 17 4 15 18 11 6 25 10 5 16 19 
Case #40 :
23 8 13 2 21 14 3 22 7 12 9 24 1 20 17 4 15 18 11 6 25 10 5 16 19 
Case #41 :
21 8 13 2 23 14 3 22 7 12 9 20 1 24 17 4 15 18 11 6 19 10 5 16 25 
Case #42 :
21 8 13 2 23 14 3 22 7 12 9 20 1 24 17 4 15 18 11 6 19 10 5 16 25 
Case #43 :
21 8 13 2 23 14 3 22 7 12 9 20 1 24 17 4 15 18 11 6 19 10 5 16 25 
Case #44 :
21 8 13 2 23 14 3 22 7 12 9 20 1 24 17 4 15 18 11 6 19 10 5 16 25 
Case #45 :
21 8 13 2 23 14 3 22 7 12 9 20 1 24 17 4 15 18 11 6 19 10 5 16 25 
Case #46 :
21 8 13 2 23 14 3 22 7 12 9 20 1 24 17 4 15 18 11 6 19 10 5 16 25 
Case #47 :
21 8 13 2 23 14 3 22 7 12 9 20 1 24 17 4 15 18 11 6 19 10 5 16 25 
Case #48 :
21 8 13 2 23 14 3 22 7 12 9 20 1 24 17 4 15 18 11 6 19 10 5 16 25 
Case #49 :
25 8 13 2 19 14 3 18 7 12 9 24 1 20 17 4 15 22 11 6 23 10 5 16 21 
Case #50 :
25 8 13 2 19 14 3 18 7 12 9 24 1 20 17 4 15 22 11 6 23 10 5 16 21 
Case #51 :
25 8 13 2 19 14 3 18 7 12 9 24 1 20 17 4 15 22 11 6 23 10 5 16 21 
Case #52 :
25 8 13 2 19 14 3 18 7 12 9 24 1 20 17 4 15 22 11 6 23 10 5 16 21 
Case #53 :
25 8 13 2 19 14 3 18 7 12 9 24 1 20 17 4 15 22 11 6 23 10 5 16 21 
Case #54 :
25 8 13 2 19 14 3 18 7 12 9 24 1 20 17 4 15 22 11 6 23 10 5 16 21 
Case #55 :
25 8 13 2 19 14 3 18 7 12 9 24 1 20 17 4 15 22 11 6 23 10 5 16 21 
Case #56 :
25 8 13 2 19 14 3 18 7 12 9 24 1 20 17 4 15 22 11 6 23 10 5 16 21 
Case #57 :
19 8 13 2 25 14 3 18 7 12 9 20 1 24 17 4 15 22 11 6 21 10 5 16 23 
Case #58 :
19 8 13 2 25 14 3 18 7 12 9 20 1 24 17 4 15 22 11 6 21 10 5 16 23 
Case #59 :
19 8 13 2 25 14 3 18 7 12 9 20 1 24 17 4 15 22 11 6 21 10 5 16 23 
Case #60 :
19 8 13 2 25 14 3 18 7 12 9 20 1 24 17 4 15 22 11 6 21 10 5 16 23 
Case #61 :
19 8 13 2 25 14 3 18 7 12 9 20 1 24 17 4 15 22 11 6 21 10 5 16 23 
Case #62 :
19 8 13 2 25 14 3 18 7 12 9 20 1 24 17 4 15 22 11 6 21 10 5 16 23 
Case #63 :
19 8 13 2 25 14 3 18 7 12 9 20 1 24 17 4 15 22 11 6 21 10 5 16 23 
Case #64 :
19 8 13 2 25 14 3 18 7 12 9 20 1 24 17 4 15 22 11 6 21 10 5 16 23 
Case #65 :
21 6 17 12 19 16 11 20 7 2 5 22 1 18 13 10 15 24 3 8 23 4 9 14 25 
Case #66 :
21 6 17 12 19 16 11 20 7 2 5 22 1 18 13 10 15 24 3 8 23 4 9 14 25 
Case #67 :
21 6 17 12 19 16 11 20 7 2 5 22 1 18 13 10 15 24 3 8 23 4 9 14 25 
Case #68 :
21 6 17 12 19 16 11 20 7 2 5 22 1 18 13 10 15 24 3 8 23 4 9 14 25 
Case #69 :
21 6 17 12 19 16 11 20 7 2 5 22 1 18 13 10 15 24 3 8 23 4 9 14 25 
Case #70 :
21 6 17 12 19 16 11 20 7 2 5 22 1 18 13 10 15 24 3 8 23 4 9 14 25 
Case #71 :
21 6 17 12 19 16 11 20 7 2 5 22 1 18 13 10 15 24 3 8 23 4 9 14 25 
Case #72 :
21 6 17 12 19 16 11 20 7 2 5 22 1 18 13 10 15 24 3 8 23 4 9 14 25 
Case #73 :
23 6 17 12 25 16 11 24 7 2 5 22 1 18 13 10 15 20 3 8 21 4 9 14 19 
Case #74 :
23 6 17 12 25 16 11 24 7 2 5 22 1 18 13 10 15 20 3 8 21 4 9 14 19 
Case #75 :
23 6 17 12 25 16 11 24 7 2 5 22 1 18 13 10 15 20 3 8 21 4 9 14 19 
Case #76 :
23 6 17 12 25 16 11 24 7 2 5 22 1 18 13 10 15 20 3 8 21 4 9 14 19 
Case #77 :
23 6 17 12 25 16 11 24 7 2 5 22 1 18 13 10 15 20 3 8 21 4 9 14 19 
Case #78 :
23 6 17 12 25 16 11 24 7 2 5 22 1 18 13 10 15 20 3 8 21 4 9 14 19 
Case #79 :
23 6 17 12 25 16 11 24 7 2 5 22 1 18 13 10 15 20 3 8 21 4 9 14 19 
Case #80 :
23 6 17 12 25 16 11 24 7 2 5 22 1 18 13 10 15 20 3 8 21 4 9 14 19 
Case #81 :
25 6 17 12 23 16 11 24 7 2 5 18 1 22 13 10 15 20 3 8 19 4 9 14 21 
Case #82 :
25 6 17 12 23 16 11 24 7 2 5 18 1 22 13 10 15 20 3 8 19 4 9 14 21 
Case #83 :
25 6 17 12 23 16 11 24 7 2 5 18 1 22 13 10 15 20 3 8 19 4 9 14 21 
Case #84 :
25 6 17 12 23 16 11 24 7 2 5 18 1 22 13 10 15 20 3 8 19 4 9 14 21 
Case #85 :
25 6 17 12 23 16 11 24 7 2 5 18 1 22 13 10 15 20 3 8 19 4 9 14 21 
Case #86 :
25 6 17 12 23 16 11 24 7 2 5 18 1 22 13 10 15 20 3 8 19 4 9 14 21 
Case #87 :
25 6 17 12 23 16 11 24 7 2 5 18 1 22 13 10 15 20 3 8 19 4 9 14 21 
Case #88 :
25 6 17 12 23 16 11 24 7 2 5 18 1 22 13 10 15 20 3 8 19 4 9 14 21 
Case #89 :
19 6 17 12 21 16 11 20 7 2 5 18 1 22 13 10 15 24 3 8 25 4 9 14 23 
Case #90 :
19 6 17 12 21 16 11 20 7 2 5 18 1 22 13 10 15 24 3 8 25 4 9 14 23 
Case #91 :
19 6 17 12 21 16 11 20 7 2 5 18 1 22 13 10 15 24 3 8 25 4 9 14 23 
Case #92 :
19 6 17 12 21 16 11 20 7 2 5 18 1 22 13 10 15 24 3 8 25 4 9 14 23 
Case #93 :
19 6 17 12 21 16 11 20 7 2 5 18 1 22 13 10 15 24 3 8 25 4 9 14 23 
Case #94 :
19 6 17 12 21 16 11 20 7 2 5 18 1 22 13 10 15 24 3 8 25 4 9 14 23 
Case #95 :
19 6 17 12 21 16 11 20 7 2 5 18 1 22 13 10 15 24 3 8 25 4 9 14 23 
Case #96 :
19 6 17 12 21 16 11 20 7 2 5 18 1 22 13 10 15 24 3 8 25 4 9 14 23 
Case #97 :
25 14 3 8 23 4 9 24 13 2 15 18 1 22 7 10 5 20 17 12 19 16 11 6 21 
Case #98 :
25 14 3 8 23 4 9 24 13 2 15 18 1 22 7 10 5 20 17 12 19 16 11 6 21 
Case #99 :
25 14 3 8 23 4 9 24 13 2 15 18 1 22 7 10 5 20 17 12 19 16 11 6 21 
Case #100 :
25 14 3 8 23 4 9 24 13 2 15 18 1 22 7 10 5 20 17 12 19 16 11 6 21 
Case #101 :
25 14 3 8 23 4 9 24 13 2 15 18 1 22 7 10 5 20 17 12 19 16 11 6 21 
Case #102 :
25 14 3 8 23 4 9 24 13 2 15 18 1 22 7 10 5 20 17 12 19 16 11 6 21 
Case #103 :
25 14 3 8 23 4 9 24 13 2 15 18 1 22 7 10 5 20 17 12 19 16 11 6 21 
Case #104 :
25 14 3 8 23 4 9 24 13 2 15 18 1 22 7 10 5 20 17 12 19 16 11 6 21 
Case #105 :
19 14 3 8 21 4 9 20 13 2 15 18 1 22 7 10 5 24 17 12 25 16 11 6 23 
Case #106 :
19 14 3 8 21 4 9 20 13 2 15 18 1 22 7 10 5 24 17 12 25 16 11 6 23 
Case #107 :
19 14 3 8 21 4 9 20 13 2 15 18 1 22 7 10 5 24 17 12 25 16 11 6 23 
Case #108 :
19 14 3 8 21 4 9 20 13 2 15 18 1 22 7 10 5 24 17 12 25 16 11 6 23 
Case #109 :
19 14 3 8 21 4 9 20 13 2 15 18 1 22 7 10 5 24 17 12 25 16 11 6 23 
Case #110 :
19 14 3 8 21 4 9 20 13 2 15 18 1 22 7 10 5 24 17 12 25 16 11 6 23 
Case #111 :
19 14 3 8 21 4 9 20 13 2 15 18 1 22 7 10 5 24 17 12 25 16 11 6 23 
Case #112 :
19 14 3 8 21 4 9 20 13 2 15 18 1 22 7 10 5 24 17 12 25 16 11 6 23 
Case #113 :
25 14 3 8 19 4 9 18 13 2 15 24 1 20 7 10 5 22 17 12 23 16 11 6 21 
Case #114 :
25 14 3 8 19 4 9 18 13 2 15 24 1 20 7 10 5 22 17 12 23 16 11 6 21 
Case #115 :
25 14 3 8 19 4 9 18 13 2 15 24 1 20 7 10 5 22 17 12 23 16 11 6 21 
Case #116 :
25 14 3 8 19 4 9 18 13 2 15 24 1 20 7 10 5 22 17 12 23 16 11 6 21 
Case #117 :
25 14 3 8 19 4 9 18 13 2 15 24 1 20 7 10 5 22 17 12 23 16 11 6 21 
Case #118 :
25 14 3 8 19 4 9 18 13 2 15 24 1 20 7 10 5 22 17 12 23 16 11 6 21 
Case #119 :
25 14 3 8 19 4 9 18 13 2 15 24 1 20 7 10 5 22 17 12 23 16 11 6 21 
Case #120 :
25 14 3 8 19 4 9 18 13 2 15 24 1 20 7 10 5 22 17 12 23 16 11 6 21 
Case #121 :
19 14 3 8 25 4 9 18 13 2 15 20 1 24 7 10 5 22 17 12 21 16 11 6 23 
Case #122 :
19 14 3 8 25 4 9 18 13 2 15 20 1 24 7 10 5 22 17 12 21 16 11 6 23 
Case #123 :
19 14 3 8 25 4 9 18 13 2 15 20 1 24 7 10 5 22 17 12 21 16 11 6 23 
Case #124 :
19 14 3 8 25 4 9 18 13 2 15 20 1 24 7 10 5 22 17 12 21 16 11 6 23 
Case #125 :
19 14 3 8 25 4 9 18 13 2 15 20 1 24 7 10 5 22 17 12 21 16 11 6 23 
Case #126 :
19 14 3 8 25 4 9 18 13 2 15 20 1 24 7 10 5 22 17 12 21 16 11 6 23 
Case #127 :
19 14 3 8 25 4 9 18 13 2 15 20 1 24 7 10 5 22 17 12 21 16 11 6 23 
Case #128 :
19 14 3 8 25 4 9 18 13 2 15 20 1 24 7 10 5 22 17 12 21 16 11 6 23 
Case #129 :
23 16 11 6 21 10 5 22 17 12 15 24 1 20 7 4 9 18 13 2 25 14 3 8 19 
Case #130 :
23 16 11 6 21 10 5 22 17 12 15 24 1 20 7 4 9 18 13 2 25 14 3 8 19 
Case #131 :
23 16 11 6 21 10 5 22 17 12 15 24 1 20 7 4 9 18 13 2 25 14 3 8 19 
Case #132 :
23 16 11 6 21 10 5 22 17 12 15 24 1 20 7 4 9 18 13 2 25 14 3 8 19 
Case #133 :
23 16 11 6 21 10 5 22 17 12 15 24 1 20 7 4 9 18 13 2 25 14 3 8 19 
Case #134 :
23 16 11 6 21 10 5 22 17 12 15 24 1 20 7 4 9 18 13 2 25 14 3 8 19 
Case #135 :
23 16 11 6 21 10 5 22 17 12 15 24 1 20 7 4 9 18 13 2 25 14 3 8 19 
Case #136 :
23 16 11 6 21 10 5 22 17 12 15 24 1 20 7 4 9 18 13 2 25 14 3 8 19 
Case #137 :
21 16 11 6 23 10 5 22 17 12 15 20 1 24 7 4 9 18 13 2 19 14 3 8 25 
Case #138 :
21 16 11 6 23 10 5 22 17 12 15 20 1 24 7 4 9 18 13 2 19 14 3 8 25 
Case #139 :
21 16 11 6 23 10 5 22 17 12 15 20 1 24 7 4 9 18 13 2 19 14 3 8 25 
Case #140 :
21 16 11 6 23 10 5 22 17 12 15 20 1 24 7 4 9 18 13 2 19 14 3 8 25 
Case #141 :
21 16 11 6 23 10 5 22 17 12 15 20 1 24 7 4 9 18 13 2 19 14 3 8 25 
Case #142 :
21 16 11 6 23 10 5 22 17 12 15 20 1 24 7 4 9 18 13 2 19 14 3 8 25 
Case #143 :
21 16 11 6 23 10 5 22 17 12 15 20 1 24 7 4 9 18 13 2 19 14 3 8 25 
Case #144 :
21 16 11 6 23 10 5 22 17 12 15 20 1 24 7 4 9 18 13 2 19 14 3 8 25 
Case #145 :
25 16 11 6 23 10 5 24 17 12 15 18 1 22 7 4 9 20 13 2 19 14 3 8 21 
Case #146 :
25 16 11 6 23 10 5 24 17 12 15 18 1 22 7 4 9 20 13 2 19 14 3 8 21 
Case #147 :
25 16 11 6 23 10 5 24 17 12 15 18 1 22 7 4 9 20 13 2 19 14 3 8 21 
Case #148 :
25 16 11 6 23 10 5 24 17 12 15 18 1 22 7 4 9 20 13 2 19 14 3 8 21 
Case #149 :
25 16 11 6 23 10 5 24 17 12 15 18 1 22 7 4 9 20 13 2 19 14 3 8 21 
Case #150 :
25 16 11 6 23 10 5 24 17 12 15 18 1 22 7 4 9 20 13 2 19 14 3 8 21 
Case #151 :
25 16 11 6 23 10 5 24 17 12 15 18 1 22 7 4 9 20 13 2 19 14 3 8 21 
Case #152 :
25 16 11 6 23 10 5 24 17 12 15 18 1 22 7 4 9 20 13 2 19 14 3 8 21 
Case #153 :
19 16 11 6 21 10 5 20 17 12 15 18 1 22 7 4 9 24 13 2 25 14 3 8 23 
Case #154 :
19 16 11 6 21 10 5 20 17 12 15 18 1 22 7 4 9 24 13 2 25 14 3 8 23 
Case #155 :
19 16 11 6 21 10 5 20 17 12 15 18 1 22 7 4 9 24 13 2 25 14 3 8 23 
Case #156 :
19 16 11 6 21 10 5 20 17 12 15 18 1 22 7 4 9 24 13 2 25 14 3 8 23 
Case #157 :
19 16 11 6 21 10 5 20 17 12 15 18 1 22 7 4 9 24 13 2 25 14 3 8 23 
Case #158 :
19 16 11 6 21 10 5 20 17 12 15 18 1 22 7 4 9 24 13 2 25 14 3 8 23 
Case #159 :
19 16 11 6 21 10 5 20 17 12 15 18 1 22 7 4 9 24 13 2 25 14 3 8 23 
Case #160 :
19 16 11 6 21 10 5 20 17 12 15 18 1 22 7 4 9 24 13 2 25 14 3 8 23 
Case #161 :
21 4 9 14 19 10 15 20 3 8 5 22 1 18 13 16 11 24 7 2 23 6 17 12 25 
Case #162 :
21 4 9 14 19 10 15 20 3 8 5 22 1 18 13 16 11 24 7 2 23 6 17 12 25 
Case #163 :
21 4 9 14 19 10 15 20 3 8 5 22 1 18 13 16 11 24 7 2 23 6 17 12 25 
Case #164 :
21 4 9 14 19 10 15 20 3 8 5 22 1 18 13 16 11 24 7 2 23 6 17 12 25 
Case #165 :
21 4 9 14 19 10 15 20 3 8 5 22 1 18 13 16 11 24 7 2 23 6 17 12 25 
Case #166 :
21 4 9 14 19 10 15 20 3 8 5 22 1 18 13 16 11 24 7 2 23 6 17 12 25 
Case #167 :
21 4 9 14 19 10 15 20 3 8 5 22 1 18 13 16 11 24 7 2 23 6 17 12 25 
Case #168 :
21 4 9 14 19 10 15 20 3 8 5 22 1 18 13 16 11 24 7 2 23 6 17 12 25 
Case #169 :
23 4 9 14 25 10 15 24 3 8 5 22 1 18 13 16 11 20 7 2 21 6 17 12 19 
Case #170 :
23 4 9 14 25 10 15 24 3 8 5 22 1 18 13 16 11 20 7 2 21 6 17 12 19 
Case #171 :
23 4 9 14 25 10 15 24 3 8 5 22 1 18 13 16 11 20 7 2 21 6 17 12 19 
Case #172 :
23 4 9 14 25 10 15 24 3 8 5 22 1 18 13 16 11 20 7 2 21 6 17 12 19 
Case #173 :
23 4 9 14 25 10 15 24 3 8 5 22 1 18 13 16 11 20 7 2 21 6 17 12 19 
Case #174 :
23 4 9 14 25 10 15 24 3 8 5 22 1 18 13 16 11 20 7 2 21 6 17 12 19 
Case #175 :
23 4 9 14 25 10 15 24 3 8 5 22 1 18 13 16 11 20 7 2 21 6 17 12 19 
Case #176 :
23 4 9 14 25 10 15 24 3 8 5 22 1 18 13 16 11 20 7 2 21 6 17 12 19 
Case #177 :
25 4 9 14 23 10 15 24 3 8 5 18 1 22 13 16 11 20 7 2 19 6 17 12 21 
Case #178 :
25 4 9 14 23 10 15 24 3 8 5 18 1 22 13 16 11 20 7 2 19 6 17 12 21 
Case #179 :
25 4 9 14 23 10 15 24 3 8 5 18 1 22 13 16 11 20 7 2 19 6 17 12 21 
Case #180 :
25 4 9 14 23 10 15 24 3 8 5 18 1 22 13 16 11 20 7 2 19 6 17 12 21 
Case #181 :
25 4 9 14 23 10 15 24 3 8 5 18 1 22 13 16 11 20 7 2 19 6 17 12 21 
Case #182 :
25 4 9 14 23 10 15 24 3 8 5 18 1 22 13 16 11 20 7 2 19 6 17 12 21 
Case #183 :
25 4 9 14 23 10 15 24 3 8 5 18 1 22 13 16 11 20 7 2 19 6 17 12 21 
Case #184 :
25 4 9 14 23 10 15 24 3 8 5 18 1 22 13 16 11 20 7 2 19 6 17 12 21 
Case #185 :
19 4 9 14 21 10 15 20 3 8 5 18 1 22 13 16 11 24 7 2 25 6 17 12 23 
Case #186 :
19 4 9 14 21 10 15 20 3 8 5 18 1 22 13 16 11 24 7 2 25 6 17 12 23 
Case #187 :
19 4 9 14 21 10 15 20 3 8 5 18 1 22 13 16 11 24 7 2 25 6 17 12 23 
Case #188 :
19 4 9 14 21 10 15 20 3 8 5 18 1 22 13 16 11 24 7 2 25 6 17 12 23 
Case #189 :
19 4 9 14 21 10 15 20 3 8 5 18 1 22 13 16 11 24 7 2 25 6 17 12 23 
Case #190 :
19 4 9 14 21 10 15 20 3 8 5 18 1 22 13 16 11 24 7 2 25 6 17 12 23 
Case #191 :
19 4 9 14 21 10 15 20 3 8 5 18 1 22 13 16 11 24 7 2 25 6 17 12 23 
Case #192 :
19 4 9 14 21 10 15 20 3 8 5 18 1 22 13 16 11 24 7 2 25 6 17 12 23 
Case #193 :
25 10 15 4 19 16 5 18 9 14 11 24 1 20 3 6 17 22 13 8 23 12 7 2 21 
Case #194 :
25 10 15 4 19 16 5 18 9 14 11 24 1 20 3 6 17 22 13 8 23 12 7 2 21 
Case #195 :
25 10 15 4 19 16 5 18 9 14 11 24 1 20 3 6 17 22 13 8 23 12 7 2 21 
Case #196 :
25 10 15 4 19 16 5 18 9 14 11 24 1 20 3 6 17 22 13 8 23 12 7 2 21 
Case #197 :
25 10 15 4 19 16 5 18 9 14 11 24 1 20 3 6 17 22 13 8 23 12 7 2 21 
Case #198 :
25 10 15 4 19 16 5 18 9 14 11 24 1 20 3 6 17 22 13 8 23 12 7 2 21 
Case #199 :
25 10 15 4 19 16 5 18 9 14 11 24 1 20 3 6 17 22 13 8 23 12 7 2 21 
Case #200 :
25 10 15 4 19 16 5 18 9 14 11 24 1 20 3 6 17 22 13 8 23 12 7 2 21 
Case #201 :
19 10 15 4 25 16 5 18 9 14 11 20 1 24 3 6 17 22 13 8 21 12 7 2 23 
Case #202 :
19 10 15 4 25 16 5 18 9 14 11 20 1 24 3 6 17 22 13 8 21 12 7 2 23 
Case #203 :
19 10 15 4 25 16 5 18 9 14 11 20 1 24 3 6 17 22 13 8 21 12 7 2 23 
Case #204 :
19 10 15 4 25 16 5 18 9 14 11 20 1 24 3 6 17 22 13 8 21 12 7 2 23 
Case #205 :
19 10 15 4 25 16 5 18 9 14 11 20 1 24 3 6 17 22 13 8 21 12 7 2 23 
Case #206 :
19 10 15 4 25 16 5 18 9 14 11 20 1 24 3 6 17 22 13 8 21 12 7 2 23 
Case #207 :
19 10 15 4 25 16 5 18 9 14 11 20 1 24 3 6 17 22 13 8 21 12 7 2 23 
Case #208 :
19 10 15 4 25 16 5 18 9 14 11 20 1 24 3 6 17 22 13 8 21 12 7 2 23 
Case #209 :
21 10 15 4 19 16 5 20 9 14 11 22 1 18 3 6 17 24 13 8 23 12 7 2 25 
Case #210 :
21 10 15 4 19 16 5 20 9 14 11 22 1 18 3 6 17 24 13 8 23 12 7 2 25 
Case #211 :
21 10 15 4 19 16 5 20 9 14 11 22 1 18 3 6 17 24 13 8 23 12 7 2 25 
Case #212 :
21 10 15 4 19 16 5 20 9 14 11 22 1 18 3 6 17 24 13 8 23 12 7 2 25 
Case #213 :
21 10 15 4 19 16 5 20 9 14 11 22 1 18 3 6 17 24 13 8 23 12 7 2 25 
Case #214 :
21 10 15 4 19 16 5 20 9 14 11 22 1 18 3 6 17 24 13 8 23 12 7 2 25 
Case #215 :
21 10 15 4 19 16 5 20 9 14 11 22 1 18 3 6 17 24 13 8 23 12 7 2 25 
Case #216 :
21 10 15 4 19 16 5 20 9 14 11 22 1 18 3 6 17 24 13 8 23 12 7 2 25 
Case #217 :
23 10 15 4 25 16 5 24 9 14 11 22 1 18 3 6 17 20 13 8 21 12 7 2 19 
Case #218 :
23 10 15 4 25 16 5 24 9 14 11 22 1 18 3 6 17 20 13 8 21 12 7 2 19 
Case #219 :
23 10 15 4 25 16 5 24 9 14 11 22 1 18 3 6 17 20 13 8 21 12 7 2 19 
Case #220 :
23 10 15 4 25 16 5 24 9 14 11 22 1 18 3 6 17 20 13 8 21 12 7 2 19 
Case #221 :
23 10 15 4 25 16 5 24 9 14 11 22 1 18 3 6 17 20 13 8 21 12 7 2 19 
Case #222 :
23 10 15 4 25 16 5 24 9 14 11 22 1 18 3 6 17 20 13 8 21 12 7 2 19 
Case #223 :
23 10 15 4 25 16 5 24 9 14 11 22 1 18 3 6 17 20 13 8 21 12 7 2 19 
Case #224 :
23 10 15 4 25 16 5 24 9 14 11 22 1 18 3 6 17 20 13 8 21 12 7 2 19 
Case #225 :
23 10 5 16 21 4 15 22 11 6 9 24 1 20 17 14 3 18 7 12 25 8 13 2 19 
Case #226 :
23 10 5 16 21 4 15 22 11 6 9 24 1 20 17 14 3 18 7 12 25 8 13 2 19 
Case #227 :
23 10 5 16 21 4 15 22 11 6 9 24 1 20 17 14 3 18 7 12 25 8 13 2 19 
Case #228 :
23 10 5 16 21 4 15 22 11 6 9 24 1 20 17 14 3 18 7 12 25 8 13 2 19 
Case #229 :
23 10 5 16 21 4 15 22 11 6 9 24 1 20 17 14 3 18 7 12 25 8 13 2 19 
Case #230 :
23 10 5 16 21 4 15 22 11 6 9 24 1 20 17 14 3 18 7 12 25 8 13 2 19 
Case #231 :
23 10 5 16 21 4 15 22 11 6 9 24 1 20 17 14 3 18 7 12 25 8 13 2 19 
Case #232 :
23 10 5 16 21 4 15 22 11 6 9 24 1 20 17 14 3 18 7 12 25 8 13 2 19 
Case #233 :
21 10 5 16 23 4 15 22 11 6 9 20 1 24 17 14 3 18 7 12 19 8 13 2 25 
Case #234 :
21 10 5 16 23 4 15 22 11 6 9 20 1 24 17 14 3 18 7 12 19 8 13 2 25 
Case #235 :
21 10 5 16 23 4 15 22 11 6 9 20 1 24 17 14 3 18 7 12 19 8 13 2 25 
Case #236 :
21 10 5 16 23 4 15 22 11 6 9 20 1 24 17 14 3 18 7 12 19 8 13 2 25 
Case #237 :
21 10 5 16 23 4 15 22 11 6 9 20 1 24 17 14 3 18 7 12 19 8 13 2 25 
Case #238 :
21 10 5 16 23 4 15 22 11 6 9 20 1 24 17 14 3 18 7 12 19 8 13 2 25 
Case #239 :
21 10 5 16 23 4 15 22 11 6 9 20 1 24 17 14 3 18 7 12 19 8 13 2 25 
Case #240 :
21 10 5 16 23 4 15 22 11 6 9 20 1 24 17 14 3 18 7 12 19 8 13 2 25 
Case #241 :
25 10 5 16 19 4 15 18 11 6 9 24 1 20 17 14 3 22 7 12 23 8 13 2 21 
Case #242 :
25 10 5 16 19 4 15 18 11 6 9 24 1 20 17 14 3 22 7 12 23 8 13 2 21 
Case #243 :
25 10 5 16 19 4 15 18 11 6 9 24 1 20 17 14 3 22 7 12 23 8 13 2 21 
Case #244 :
25 10 5 16 19 4 15 18 11 6 9 24 1 20 17 14 3 22 7 12 23 8 13 2 21 
Case #245 :
25 10 5 16 19 4 15 18 11 6 9 24 1 20 17 14 3 22 7 12 23 8 13 2 21 
Case #246 :
25 10 5 16 19 4 15 18 11 6 9 24 1 20 17 14 3 22 7 12 23 8 13 2 21 
Case #247 :
25 10 5 16 19 4 15 18 11 6 9 24 1 20 17 14 3 22 7 12 23 8 13 2 21 
Case #248 :
25 10 5 16 19 4 15 18 11 6 9 24 1 20 17 14 3 22 7 12 23 8 13 2 21 
Case #249 :
19 10 5 16 25 4 15 18 11 6 9 20 1 24 17 14 3 22 7 12 21 8 13 2 23 
Case #250 :
19 10 5 16 25 4 15 18 11 6 9 20 1 24 17 14 3 22 7 12 21 8 13 2 23 
Case #251 :
19 10 5 16 25 4 15 18 11 6 9 20 1 24 17 14 3 22 7 12 21 8 13 2 23 
Case #252 :
19 10 5 16 25 4 15 18 11 6 9 20 1 24 17 14 3 22 7 12 21 8 13 2 23 
Case #253 :
19 10 5 16 25 4 15 18 11 6 9 20 1 24 17 14 3 22 7 12 21 8 13 2 23 
Case #254 :
19 10 5 16 25 4 15 18 11 6 9 20 1 24 17 14 3 22 7 12 21 8 13 2 23 
Case #255 :
19 10 5 16 25 4 15 18 11 6 9 20 1 24 17 14 3 22 7 12 21 8 13 2 23 
Case #256 :
19 10 5 16 25 4 15 18 11 6 9 20 1 24 17 14 3 22 7 12 21 8 13 2 23 
Case #257 :
25 16 5 10 19 6 11 18 15 4 17 24 1 20 9 12 7 22 3 14 23 2 13 8 21 
Case #258 :
25 16 5 10 19 6 11 18 15 4 17 24 1 20 9 12 7 22 3 14 23 2 13 8 21 
Case #259 :
25 16 5 10 19 6 11 18 15 4 17 24 1 20 9 12 7 22 3 14 23 2 13 8 21 
Case #260 :
25 16 5 10 19 6 11 18 15 4 17 24 1 20 9 12 7 22 3 14 23 2 13 8 21 
Case #261 :
25 16 5 10 19 6 11 18 15 4 17 24 1 20 9 12 7 22 3 14 23 2 13 8 21 
Case #262 :
25 16 5 10 19 6 11 18 15 4 17 24 1 20 9 12 7 22 3 14 23 2 13 8 21 
Case #263 :
25 16 5 10 19 6 11 18 15 4 17 24 1 20 9 12 7 22 3 14 23 2 13 8 21 
Case #264 :
25 16 5 10 19 6 11 18 15 4 17 24 1 20 9 12 7 22 3 14 23 2 13 8 21 
Case #265 :
19 16 5 10 25 6 11 18 15 4 17 20 1 24 9 12 7 22 3 14 21 2 13 8 23 
Case #266 :
19 16 5 10 25 6 11 18 15 4 17 20 1 24 9 12 7 22 3 14 21 2 13 8 23 
Case #267 :
19 16 5 10 25 6 11 18 15 4 17 20 1 24 9 12 7 22 3 14 21 2 13 8 23 
Case #268 :
19 16 5 10 25 6 11 18 15 4 17 20 1 24 9 12 7 22 3 14 21 2 13 8 23 
Case #269 :
19 16 5 10 25 6 11 18 15 4 17 20 1 24 9 12 7 22 3 14 21 2 13 8 23 
Case #270 :
19 16 5 10 25 6 11 18 15 4 17 20 1 24 9 12 7 22 3 14 21 2 13 8 23 
Case #271 :
19 16 5 10 25 6 11 18 15 4 17 20 1 24 9 12 7 22 3 14 21 2 13 8 23 
Case #272 :
19 16 5 10 25 6 11 18 15 4 17 20 1 24 9 12 7 22 3 14 21 2 13 8 23 
Case #273 :
23 16 5 10 21 6 11 22 15 4 17 24 1 20 9 12 7 18 3 14 25 2 13 8 19 
Case #274 :
23 16 5 10 21 6 11 22 15 4 17 24 1 20 9 12 7 18 3 14 25 2 13 8 19 
Case #275 :
23 16 5 10 21 6 11 22 15 4 17 24 1 20 9 12 7 18 3 14 25 2 13 8 19 
Case #276 :
23 16 5 10 21 6 11 22 15 4 17 24 1 20 9 12 7 18 3 14 25 2 13 8 19 
Case #277 :
23 16 5 10 21 6 11 22 15 4 17 24 1 20 9 12 7 18 3 14 25 2 13 8 19 
Case #278 :
23 16 5 10 21 6 11 22 15 4 17 24 1 20 9 12 7 18 3 14 25 2 13 8 19 
Case #279 :
23 16 5 10 21 6 11 22 15 4 17 24 1 20 9 12 7 18 3 14 25 2 13 8 19 
Case #280 :
23 16 5 10 21 6 11 22 15 4 17 24 1 20 9 12 7 18 3 14 25 2 13 8 19 
Case #281 :
21 16 5 10 23 6 11 22 15 4 17 20 1 24 9 12 7 18 3 14 19 2 13 8 25 
Case #282 :
21 16 5 10 23 6 11 22 15 4 17 20 1 24 9 12 7 18 3 14 19 2 13 8 25 
Case #283 :
21 16 5 10 23 6 11 22 15 4 17 20 1 24 9 12 7 18 3 14 19 2 13 8 25 
Case #284 :
21 16 5 10 23 6 11 22 15 4 17 20 1 24 9 12 7 18 3 14 19 2 13 8 25 
Case #285 :
21 16 5 10 23 6 11 22 15 4 17 20 1 24 9 12 7 18 3 14 19 2 13 8 25 
Case #286 :
21 16 5 10 23 6 11 22 15 4 17 20 1 24 9 12 7 18 3 14 19 2 13 8 25 
Case #287 :
21 16 5 10 23 6 11 22 15 4 17 20 1 24 9 12 7 18 3 14 19 2 13 8 25 
Case #288 :
21 16 5 10 23 6 11 22 15 4 17 20 1 24 9 12 7 18 3 14 19 2 13 8 25 
Case #289 :
25 4 15 10 23 14 9 24 5 16 3 18 1 22 11 8 13 20 17 6 19 2 7 12 21 
Case #290 :
25 4 15 10 23 14 9 24 5 16 3 18 1 22 11 8 13 20 17 6 19 2 7 12 21 
Case #291 :
25 4 15 10 23 14 9 24 5 16 3 18 1 22 11 8 13 20 17 6 19 2 7 12 21 
Case #292 :
25 4 15 10 23 14 9 24 5 16 3 18 1 22 11 8 13 20 17 6 19 2 7 12 21 
Case #293 :
25 4 15 10 23 14 9 24 5 16 3 18 1 22 11 8 13 20 17 6 19 2 7 12 21 
Case #294 :
25 4 15 10 23 14 9 24 5 16 3 18 1 22 11 8 13 20 17 6 19 2 7 12 21 
Case #295 :
25 4 15 10 23 14 9 24 5 16 3 18 1 22 11 8 13 20 17 6 19 2 7 12 21 
Case #296 :
25 4 15 10 23 14 9 24 5 16 3 18 1 22 11 8 13 20 17 6 19 2 7 12 21 
Case #297 :
19 4 15 10 21 14 9 20 5 16 3 18 1 22 11 8 13 24 17 6 25 2 7 12 23 
Case #298 :
19 4 15 10 21 14 9 20 5 16 3 18 1 22 11 8 13 24 17 6 25 2 7 12 23 
Case #299 :
19 4 15 10 21 14 9 20 5 16 3 18 1 22 11 8 13 24 17 6 25 2 7 12 23 
Case #300 :
19 4 15 10 21 14 9 20 5 16 3 18 1 22 11 8 13 24 17 6 25 2 7 12 23 
Case #301 :
19 4 15 10 21 14 9 20 5 16 3 18 1 22 11 8 13 24 17 6 25 2 7 12 23 
Case #302 :
19 4 15 10 21 14 9 20 5 16 3 18 1 22 11 8 13 24 17 6 25 2 7 12 23 
Case #303 :
19 4 15 10 21 14 9 20 5 16 3 18 1 22 11 8 13 24 17 6 25 2 7 12 23 
Case #304 :
19 4 15 10 21 14 9 20 5 16 3 18 1 22 11 8 13 24 17 6 25 2 7 12 23 
Case #305 :
25 4 15 10 19 14 9 18 5 16 3 24 1 20 11 8 13 22 17 6 23 2 7 12 21 
Case #306 :
25 4 15 10 19 14 9 18 5 16 3 24 1 20 11 8 13 22 17 6 23 2 7 12 21 
Case #307 :
25 4 15 10 19 14 9 18 5 16 3 24 1 20 11 8 13 22 17 6 23 2 7 12 21 
Case #308 :
25 4 15 10 19 14 9 18 5 16 3 24 1 20 11 8 13 22 17 6 23 2 7 12 21 
Case #309 :
25 4 15 10 19 14 9 18 5 16 3 24 1 20 11 8 13 22 17 6 23 2 7 12 21 
Case #310 :
25 4 15 10 19 14 9 18 5 16 3 24 1 20 11 8 13 22 17 6 23 2 7 12 21 
Case #311 :
25 4 15 10 19 14 9 18 5 16 3 24 1 20 11 8 13 22 17 6 23 2 7 12 21 
Case #312 :
25 4 15 10 19 14 9 18 5 16 3 24 1 20 11 8 13 22 17 6 23 2 7 12 21 
Case #313 :
19 4 15 10 25 14 9 18 5 16 3 20 1 24 11 8 13 22 17 6 21 2 7 12 23 
Case #314 :
19 4 15 10 25 14 9 18 5 16 3 20 1 24 11 8 13 22 17 6 21 2 7 12 23 
Case #315 :
19 4 15 10 25 14 9 18 5 16 3 20 1 24 11 8 13 22 17 6 21 2 7 12 23 
Case #316 :
19 4 15 10 25 14 9 18 5 16 3 20 1 24 11 8 13 22 17 6 21 2 7 12 23 
Case #317 :
19 4 15 10 25 14 9 18 5 16 3 20 1 24 11 8 13 22 17 6 21 2 7 12 23 
Case #318 :
19 4 15 10 25 14 9 18 5 16 3 20 1 24 11 8 13 22 17 6 21 2 7 12 23 
Case #319 :
19 4 15 10 25 14 9 18 5 16 3 20 1 24 11 8 13 22 17 6 21 2 7 12 23 
Case #320 :
19 4 15 10 25 14 9 18 5 16 3 20 1 24 11 8 13 22 17 6 21 2 7 12 23 
Case #321 :
21 14 9 4 19 8 3 20 15 10 13 22 1 18 5 2 7 24 11 16 23 12 17 6 25 
Case #322 :
21 14 9 4 19 8 3 20 15 10 13 22 1 18 5 2 7 24 11 16 23 12 17 6 25 
Case #323 :
21 14 9 4 19 8 3 20 15 10 13 22 1 18 5 2 7 24 11 16 23 12 17 6 25 
Case #324 :
21 14 9 4 19 8 3 20 15 10 13 22 1 18 5 2 7 24 11 16 23 12 17 6 25 
Case #325 :
21 14 9 4 19 8 3 20 15 10 13 22 1 18 5 2 7 24 11 16 23 12 17 6 25 
Case #326 :
21 14 9 4 19 8 3 20 15 10 13 22 1 18 5 2 7 24 11 16 23 12 17 6 25 
Case #327 :
21 14 9 4 19 8 3 20 15 10 13 22 1 18 5 2 7 24 11 16 23 12 17 6 25 
Case #328 :
21 14 9 4 19 8 3 20 15 10 13 22 1 18 5 2 7 24 11 16 23 12 17 6 25 
Case #329 :
23 14 9 4 25 8 3 24 15 10 13 22 1 18 5 2 7 20 11 16 21 12 17 6 19 
Case #330 :
23 14 9 4 25 8 3 24 15 10 13 22 1 18 5 2 7 20 11 16 21 12 17 6 19 
Case #331 :
23 14 9 4 25 8 3 24 15 10 13 22 1 18 5 2 7 20 11 16 21 12 17 6 19 
Case #332 :
23 14 9 4 25 8 3 24 15 10 13 22 1 18 5 2 7 20 11 16 21 12 17 6 19 
Case #333 :
23 14 9 4 25 8 3 24 15 10 13 22 1 18 5 2 7 20 11 16 21 12 17 6 19 
Case #334 :
23 14 9 4 25 8 3 24 15 10 13 22 1 18 5 2 7 20 11 16 21 12 17 6 19 
Case #335 :
23 14 9 4 25 8 3 24 15 10 13 22 1 18 5 2 7 20 11 16 21 12 17 6 19 
Case #336 :
23 14 9 4 25 8 3 24 15 10 13 22 1 18 5 2 7 20 11 16 21 12 17 6 19 
Case #337 :
25 14 9 4 23 8 3 24 15 10 13 18 1 22 5 2 7 20 11 16 19 12 17 6 21 
Case #338 :
25 14 9 4 23 8 3 24 15 10 13 18 1 22 5 2 7 20 11 16 19 12 17 6 21 
Case #339 :
25 14 9 4 23 8 3 24 15 10 13 18 1 22 5 2 7 20 11 16 19 12 17 6 21 
Case #340 :
25 14 9 4 23 8 3 24 15 10 13 18 1 22 5 2 7 20 11 16 19 12 17 6 21 
Case #341 :
25 14 9 4 23 8 3 24 15 10 13 18 1 22 5 2 7 20 11 16 19 12 17 6 21 
Case #342 :
25 14 9 4 23 8 3 24 15 10 13 18 1 22 5 2 7 20 11 16 19 12 17 6 21 
Case #343 :
25 14 9 4 23 8 3 24 15 10 13 18 1 22 5 2 7 20 11 16 19 12 17 6 21 
Case #344 :
25 14 9 4 23 8 3 24 15 10 13 18 1 22 5 2 7 20 11 16 19 12 17 6 21 
Case #345 :
19 14 9 4 21 8 3 20 15 10 13 18 1 22 5 2 7 24 11 16 25 12 17 6 23 
Case #346 :
19 14 9 4 21 8 3 20 15 10 13 18 1 22 5 2 7 24 11 16 25 12 17 6 23 
Case #347 :
19 14 9 4 21 8 3 20 15 10 13 18 1 22 5 2 7 24 11 16 25 12 17 6 23 
Case #348 :
19 14 9 4 21 8 3 20 15 10 13 18 1 22 5 2 7 24 11 16 25 12 17 6 23 
Case #349 :
19 14 9 4 21 8 3 20 15 10 13 18 1 22 5 2 7 24 11 16 25 12 17 6 23 
Case #350 :
19 14 9 4 21 8 3 20 15 10 13 18 1 22 5 2 7 24 11 16 25 12 17 6 23 
Case #351 :
19 14 9 4 21 8 3 20 15 10 13 18 1 22 5 2 7 24 11 16 25 12 17 6 23 
Case #352 :
19 14 9 4 21 8 3 20 15 10 13 18 1 22 5 2 7 24 11 16 25 12 17 6 23 
Case #353 :
21 6 11 16 19 12 17 20 5 10 7 22 1 18 15 2 13 24 9 4 23 8 3 14 25 
Case #354 :
21 6 11 16 19 12 17 20 5 10 7 22 1 18 15 2 13 24 9 4 23 8 3 14 25 
Case #355 :
21 6 11 16 19 12 17 20 5 10 7 22 1 18 15 2 13 24 9 4 23 8 3 14 25 
Case #356 :
21 6 11 16 19 12 17 20 5 10 7 22 1 18 15 2 13 24 9 4 23 8 3 14 25 
Case #357 :
21 6 11 16 19 12 17 20 5 10 7 22 1 18 15 2 13 24 9 4 23 8 3 14 25 
Case #358 :
21 6 11 16 19 12 17 20 5 10 7 22 1 18 15 2 13 24 9 4 23 8 3 14 25 
Case #359 :
21 6 11 16 19 12 17 20 5 10 7 22 1 18 15 2 13 24 9 4 23 8 3 14 25 
Case #360 :
21 6 11 16 19 12 17 20 5 10 7 22 1 18 15 2 13 24 9 4 23 8 3 14 25 
Case #361 :
23 6 11 16 25 12 17 24 5 10 7 22 1 18 15 2 13 20 9 4 21 8 3 14 19 
Case #362 :
23 6 11 16 25 12 17 24 5 10 7 22 1 18 15 2 13 20 9 4 21 8 3 14 19 
Case #363 :
23 6 11 16 25 12 17 24 5 10 7 22 1 18 15 2 13 20 9 4 21 8 3 14 19 
Case #364 :
23 6 11 16 25 12 17 24 5 10 7 22 1 18 15 2 13 20 9 4 21 8 3 14 19 
Case #365 :
23 6 11 16 25 12 17 24 5 10 7 22 1 18 15 2 13 20 9 4 21 8 3 14 19 
Case #366 :
23 6 11 16 25 12 17 24 5 10 7 22 1 18 15 2 13 20 9 4 21 8 3 14 19 
Case #367 :
23 6 11 16 25 12 17 24 5 10 7 22 1 18 15 2 13 20 9 4 21 8 3 14 19 
Case #368 :
23 6 11 16 25 12 17 24 5 10 7 22 1 18 15 2 13 20 9 4 21 8 3 14 19 
Case #369 :
23 6 11 16 21 12 17 22 5 10 7 24 1 20 15 2 13 18 9 4 25 8 3 14 19 
Case #370 :
23 6 11 16 21 12 17 22 5 10 7 24 1 20 15 2 13 18 9 4 25 8 3 14 19 
Case #371 :
23 6 11 16 21 12 17 22 5 10 7 24 1 20 15 2 13 18 9 4 25 8 3 14 19 
Case #372 :
23 6 11 16 21 12 17 22 5 10 7 24 1 20 15 2 13 18 9 4 25 8 3 14 19 
Case #373 :
23 6 11 16 21 12 17 22 5 10 7 24 1 20 15 2 13 18 9 4 25 8 3 14 19 
Case #374 :
23 6 11 16 21 12 17 22 5 10 7 24 1 20 15 2 13 18 9 4 25 8 3 14 19 
Case #375 :
23 6 11 16 21 12 17 22 5 10 7 24 1 20 15 2 13 18 9 4 25 8 3 14 19 
Case #376 :
23 6 11 16 21 12 17 22 5 10 7 24 1 20 15 2 13 18 9 4 25 8 3 14 19 
Case #377 :
21 6 11 16 23 12 17 22 5 10 7 20 1 24 15 2 13 18 9 4 19 8 3 14 25 
Case #378 :
21 6 11 16 23 12 17 22 5 10 7 20 1 24 15 2 13 18 9 4 19 8 3 14 25 
Case #379 :
21 6 11 16 23 12 17 22 5 10 7 20 1 24 15 2 13 18 9 4 19 8 3 14 25 
Case #380 :
21 6 11 16 23 12 17 22 5 10 7 20 1 24 15 2 13 18 9 4 19 8 3 14 25 
Case #381 :
21 6 11 16 23 12 17 22 5 10 7 20 1 24 15 2 13 18 9 4 19 8 3 14 25 
Case #382 :
21 6 11 16 23 12 17 22 5 10 7 20 1 24 15 2 13 18 9 4 19 8 3 14 25 
Case #383 :
21 6 11 16 23 12 17 22 5 10 7 20 1 24 15 2 13 18 9 4 19 8 3 14 25 
Case #384 :
21 6 11 16 23 12 17 22 5 10 7 20 1 24 15 2 13 18 9 4 19 8 3 14 25 
Case #385 :
25 8 3 14 19 2 13 18 9 4 7 24 1 20 15 12 17 22 5 10 23 6 11 16 21 
Case #386 :
25 8 3 14 19 2 13 18 9 4 7 24 1 20 15 12 17 22 5 10 23 6 11 16 21 
Case #387 :
25 8 3 14 19 2 13 18 9 4 7 24 1 20 15 12 17 22 5 10 23 6 11 16 21 
Case #388 :
25 8 3 14 19 2 13 18 9 4 7 24 1 20 15 12 17 22 5 10 23 6 11 16 21 
Case #389 :
25 8 3 14 19 2 13 18 9 4 7 24 1 20 15 12 17 22 5 10 23 6 11 16 21 
Case #390 :
25 8 3 14 19 2 13 18 9 4 7 24 1 20 15 12 17 22 5 10 23 6 11 16 21 
Case #391 :
25 8 3 14 19 2 13 18 9 4 7 24 1 20 15 12 17 22 5 10 23 6 11 16 21 
Case #392 :
25 8 3 14 19 2 13 18 9 4 7 24 1 20 15 12 17 22 5 10 23 6 11 16 21 
Case #393 :
19 8 3 14 25 2 13 18 9 4 7 20 1 24 15 12 17 22 5 10 21 6 11 16 23 
Case #394 :
19 8 3 14 25 2 13 18 9 4 7 20 1 24 15 12 17 22 5 10 21 6 11 16 23 
Case #395 :
19 8 3 14 25 2 13 18 9 4 7 20 1 24 15 12 17 22 5 10 21 6 11 16 23 
Case #396 :
19 8 3 14 25 2 13 18 9 4 7 20 1 24 15 12 17 22 5 10 21 6 11 16 23 
Case #397 :
19 8 3 14 25 2 13 18 9 4 7 20 1 24 15 12 17 22 5 10 21 6 11 16 23 
Case #398 :
19 8 3 14 25 2 13 18 9 4 7 20 1 24 15 12 17 22 5 10 21 6 11 16 23 
Case #399 :
19 8 3 14 25 2 13 18 9 4 7 20 1 24 15 12 17 22 5 10 21 6 11 16 23 
Case #400 :
19 8 3 14 25 2 13 18 9 4 7 20 1 24 15 12 17 22 5 10 21 6 11 16 23 
Case #401 :
21 8 3 14 19 2 13 20 9 4 7 22 1 18 15 12 17 24 5 10 23 6 11 16 25 
Case #402 :
21 8 3 14 19 2 13 20 9 4 7 22 1 18 15 12 17 24 5 10 23 6 11 16 25 
Case #403 :
21 8 3 14 19 2 13 20 9 4 7 22 1 18 15 12 17 24 5 10 23 6 11 16 25 
Case #404 :
21 8 3 14 19 2 13 20 9 4 7 22 1 18 15 12 17 24 5 10 23 6 11 16 25 
Case #405 :
21 8 3 14 19 2 13 20 9 4 7 22 1 18 15 12 17 24 5 10 23 6 11 16 25 
Case #406 :
21 8 3 14 19 2 13 20 9 4 7 22 1 18 15 12 17 24 5 10 23 6 11 16 25 
Case #407 :
21 8 3 14 19 2 13 20 9 4 7 22 1 18 15 12 17 24 5 10 23 6 11 16 25 
Case #408 :
21 8 3 14 19 2 13 20 9 4 7 22 1 18 15 12 17 24 5 10 23 6 11 16 25 
Case #409 :
23 8 3 14 25 2 13 24 9 4 7 22 1 18 15 12 17 20 5 10 21 6 11 16 19 
Case #410 :
23 8 3 14 25 2 13 24 9 4 7 22 1 18 15 12 17 20 5 10 21 6 11 16 19 
Case #411 :
23 8 3 14 25 2 13 24 9 4 7 22 1 18 15 12 17 20 5 10 21 6 11 16 19 
Case #412 :
23 8 3 14 25 2 13 24 9 4 7 22 1 18 15 12 17 20 5 10 21 6 11 16 19 
Case #413 :
23 8 3 14 25 2 13 24 9 4 7 22 1 18 15 12 17 20 5 10 21 6 11 16 19 
Case #414 :
23 8 3 14 25 2 13 24 9 4 7 22 1 18 15 12 17 20 5 10 21 6 11 16 19 
Case #415 :
23 8 3 14 25 2 13 24 9 4 7 22 1 18 15 12 17 20 5 10 21 6 11 16 19 
Case #416 :
23 8 3 14 25 2 13 24 9 4 7 22 1 18 15 12 17 20 5 10 21 6 11 16 19 
Case #417 :
21 12 17 6 19 2 7 20 11 16 13 22 1 18 5 8 3 24 15 10 23 14 9 4 25 
Case #418 :
21 12 17 6 19 2 7 20 11 16 13 22 1 18 5 8 3 24 15 10 23 14 9 4 25 
Case #419 :
21 12 17 6 19 2 7 20 11 16 13 22 1 18 5 8 3 24 15 10 23 14 9 4 25 
Case #420 :
21 12 17 6 19 2 7 20 11 16 13 22 1 18 5 8 3 24 15 10 23 14 9 4 25 
Case #421 :
21 12 17 6 19 2 7 20 11 16 13 22 1 18 5 8 3 24 15 10 23 14 9 4 25 
Case #422 :
21 12 17 6 19 2 7 20 11 16 13 22 1 18 5 8 3 24 15 10 23 14 9 4 25 
Case #423 :
21 12 17 6 19 2 7 20 11 16 13 22 1 18 5 8 3 24 15 10 23 14 9 4 25 
Case #424 :
21 12 17 6 19 2 7 20 11 16 13 22 1 18 5 8 3 24 15 10 23 14 9 4 25 
Case #425 :
23 12 17 6 25 2 7 24 11 16 13 22 1 18 5 8 3 20 15 10 21 14 9 4 19 
Case #426 :
23 12 17 6 25 2 7 24 11 16 13 22 1 18 5 8 3 20 15 10 21 14 9 4 19 
Case #427 :
23 12 17 6 25 2 7 24 11 16 13 22 1 18 5 8 3 20 15 10 21 14 9 4 19 
Case #428 :
23 12 17 6 25 2 7 24 11 16 13 22 1 18 5 8 3 20 15 10 21 14 9 4 19 
Case #429 :
23 12 17 6 25 2 7 24 11 16 13 22 1 18 5 8 3 20 15 10 21 14 9 4 19 
Case #430 :
23 12 17 6 25 2 7 24 11 16 13 22 1 18 5 8 3 20 15 10 21 14 9 4 19 
Case #431 :
23 12 17 6 25 2 7 24 11 16 13 22 1 18 5 8 3 20 15 10 21 14 9 4 19 
Case #432 :
23 12 17 6 25 2 7 24 11 16 13 22 1 18 5 8 3 20 15 10 21 14 9 4 19 
Case #433 :
25 12 17 6 23 2 7 24 11 16 13 18 1 22 5 8 3 20 15 10 19 14 9 4 21 
Case #434 :
25 12 17 6 23 2 7 24 11 16 13 18 1 22 5 8 3 20 15 10 19 14 9 4 21 
Case #435 :
25 12 17 6 23 2 7 24 11 16 13 18 1 22 5 8 3 20 15 10 19 14 9 4 21 
Case #436 :
25 12 17 6 23 2 7 24 11 16 13 18 1 22 5 8 3 20 15 10 19 14 9 4 21 
Case #437 :
25 12 17 6 23 2 7 24 11 16 13 18 1 22 5 8 3 20 15 10 19 14 9 4 21 
Case #438 :
25 12 17 6 23 2 7 24 11 16 13 18 1 22 5 8 3 20 15 10 19 14 9 4 21 
Case #439 :
25 12 17 6 23 2 7 24 11 16 13 18 1 22 5 8 3 20 15 10 19 14 9 4 21 
Case #440 :
25 12 17 6 23 2 7 24 11 16 13 18 1 22 5 8 3 20 15 10 19 14 9 4 21 
Case #441 :
19 12 17 6 21 2 7 20 11 16 13 18 1 22 5 8 3 24 15 10 25 14 9 4 23 
Case #442 :
19 12 17 6 21 2 7 20 11 16 13 18 1 22 5 8 3 24 15 10 25 14 9 4 23 
Case #443 :
19 12 17 6 21 2 7 20 11 16 13 18 1 22 5 8 3 24 15 10 25 14 9 4 23 
Case #444 :
19 12 17 6 21 2 7 20 11 16 13 18 1 22 5 8 3 24 15 10 25 14 9 4 23 
Case #445 :
19 12 17 6 21 2 7 20 11 16 13 18 1 22 5 8 3 24 15 10 25 14 9 4 23 
Case #446 :
19 12 17 6 21 2 7 20 11 16 13 18 1 22 5 8 3 24 15 10 25 14 9 4 23 
Case #447 :
19 12 17 6 21 2 7 20 11 16 13 18 1 22 5 8 3 24 15 10 25 14 9 4 23 
Case #448 :
19 12 17 6 21 2 7 20 11 16 13 18 1 22 5 8 3 24 15 10 25 14 9 4 23 
Case #449 :
25 2 13 8 19 12 7 18 3 14 17 24 1 20 9 6 11 22 15 4 23 16 5 10 21 
Case #450 :
25 2 13 8 19 12 7 18 3 14 17 24 1 20 9 6 11 22 15 4 23 16 5 10 21 
Case #451 :
25 2 13 8 19 12 7 18 3 14 17 24 1 20 9 6 11 22 15 4 23 16 5 10 21 
Case #452 :
25 2 13 8 19 12 7 18 3 14 17 24 1 20 9 6 11 22 15 4 23 16 5 10 21 
Case #453 :
25 2 13 8 19 12 7 18 3 14 17 24 1 20 9 6 11 22 15 4 23 16 5 10 21 
Case #454 :
25 2 13 8 19 12 7 18 3 14 17 24 1 20 9 6 11 22 15 4 23 16 5 10 21 
Case #455 :
25 2 13 8 19 12 7 18 3 14 17 24 1 20 9 6 11 22 15 4 23 16 5 10 21 
Case #456 :
25 2 13 8 19 12 7 18 3 14 17 24 1 20 9 6 11 22 15 4 23 16 5 10 21 
Case #457 :
19 2 13 8 25 12 7 18 3 14 17 20 1 24 9 6 11 22 15 4 21 16 5 10 23 
Case #458 :
19 2 13 8 25 12 7 18 3 14 17 20 1 24 9 6 11 22 15 4 21 16 5 10 23 
Case #459 :
19 2 13 8 25 12 7 18 3 14 17 20 1 24 9 6 11 22 15 4 21 16 5 10 23 
Case #460 :
19 2 13 8 25 12 7 18 3 14 17 20 1 24 9 6 11 22 15 4 21 16 5 10 23 
Case #461 :
19 2 13 8 25 12 7 18 3 14 17 20 1 24 9 6 11 22 15 4 21 16 5 10 23 
Case #462 :
19 2 13 8 25 12 7 18 3 14 17 20 1 24 9 6 11 22 15 4 21 16 5 10 23 
Case #463 :
19 2 13 8 25 12 7 18 3 14 17 20 1 24 9 6 11 22 15 4 21 16 5 10 23 
Case #464 :
19 2 13 8 25 12 7 18 3 14 17 20 1 24 9 6 11 22 15 4 21 16 5 10 23 
Case #465 :
23 2 13 8 21 12 7 22 3 14 17 24 1 20 9 6 11 18 15 4 25 16 5 10 19 
Case #466 :
23 2 13 8 21 12 7 22 3 14 17 24 1 20 9 6 11 18 15 4 25 16 5 10 19 
Case #467 :
23 2 13 8 21 12 7 22 3 14 17 24 1 20 9 6 11 18 15 4 25 16 5 10 19 
Case #468 :
23 2 13 8 21 12 7 22 3 14 17 24 1 20 9 6 11 18 15 4 25 16 5 10 19 
Case #469 :
23 2 13 8 21 12 7 22 3 14 17 24 1 20 9 6 11 18 15 4 25 16 5 10 19 
Case #470 :
23 2 13 8 21 12 7 22 3 14 17 24 1 20 9 6 11 18 15 4 25 16 5 10 19 
Case #471 :
23 2 13 8 21 12 7 22 3 14 17 24 1 20 9 6 11 18 15 4 25 16 5 10 19 
Case #472 :
23 2 13 8 21 12 7 22 3 14 17 24 1 20 9 6 11 18 15 4 25 16 5 10 19 
Case #473 :
21 2 13 8 23 12 7 22 3 14 17 20 1 24 9 6 11 18 15 4 19 16 5 10 25 
Case #474 :
21 2 13 8 23 12 7 22 3 14 17 20 1 24 9 6 11 18 15 4 19 16 5 10 25 
Case #475 :
21 2 13 8 23 12 7 22 3 14 17 20 1 24 9 6 11 18 15 4 19 16 5 10 25 
Case #476 :
21 2 13 8 23 12 7 22 3 14 17 20 1 24 9 6 11 18 15 4 19 16 5 10 25 
Case #477 :
21 2 13 8 23 12 7 22 3 14 17 20 1 24 9 6 11 18 15 4 19 16 5 10 25 
Case #478 :
21 2 13 8 23 12 7 22 3 14 17 20 1 24 9 6 11 18 15 4 19 16 5 10 25 
Case #479 :
21 2 13 8 23 12 7 22 3 14 17 20 1 24 9 6 11 18 15 4 19 16 5 10 25 
Case #480 :
21 2 13 8 23 12 7 22 3 14 17 20 1 24 9 6 11 18 15 4 19 16 5 10 25 
Case #481 :
23 2 7 12 21 8 13 22 17 6 3 24 1 20 11 14 9 18 5 16 25 4 15 10 19 
Case #482 :
23 2 7 12 21 8 13 22 17 6 3 24 1 20 11 14 9 18 5 16 25 4 15 10 19 
Case #483 :
23 2 7 12 21 8 13 22 17 6 3 24 1 20 11 14 9 18 5 16 25 4 15 10 19 
Case #484 :
23 2 7 12 21 8 13 22 17 6 3 24 1 20 11 14 9 18 5 16 25 4 15 10 19 
Case #485 :
23 2 7 12 21 8 13 22 17 6 3 24 1 20 11 14 9 18 5 16 25 4 15 10 19 
Case #486 :
23 2 7 12 21 8 13 22 17 6 3 24 1 20 11 14 9 18 5 16 25 4 15 10 19 
Case #487 :
23 2 7 12 21 8 13 22 17 6 3 24 1 20 11 14 9 18 5 16 25 4 15 10 19 
Case #488 :
23 2 7 12 21 8 13 22 17 6 3 24 1 20 11 14 9 18 5 16 25 4 15 10 19 
Case #489 :
21 2 7 12 23 8 13 22 17 6 3 20 1 24 11 14 9 18 5 16 19 4 15 10 25 
Case #490 :
21 2 7 12 23 8 13 22 17 6 3 20 1 24 11 14 9 18 5 16 19 4 15 10 25 
Case #491 :
21 2 7 12 23 8 13 22 17 6 3 20 1 24 11 14 9 18 5 16 19 4 15 10 25 
Case #492 :
21 2 7 12 23 8 13 22 17 6 3 20 1 24 11 14 9 18 5 16 19 4 15 10 25 
Case #493 :
21 2 7 12 23 8 13 22 17 6 3 20 1 24 11 14 9 18 5 16 19 4 15 10 25 
Case #494 :
21 2 7 12 23 8 13 22 17 6 3 20 1 24 11 14 9 18 5 16 19 4 15 10 25 
Case #495 :
21 2 7 12 23 8 13 22 17 6 3 20 1 24 11 14 9 18 5 16 19 4 15 10 25 
Case #496 :
21 2 7 12 23 8 13 22 17 6 3 20 1 24 11 14 9 18 5 16 19 4 15 10 25 
Case #497 :
25 2 7 12 23 8 13 24 17 6 3 18 1 22 11 14 9 20 5 16 19 4 15 10 21 
Case #498 :
25 2 7 12 23 8 13 24 17 6 3 18 1 22 11 14 9 20 5 16 19 4 15 10 21 
Case #499 :
25 2 7 12 23 8 13 24 17 6 3 18 1 22 11 14 9 20 5 16 19 4 15 10 21 
Case #500 :
25 2 7 12 23 8 13 24 17 6 3 18 1 22 11 14 9 20 5 16 19 4 15 10 21 
Case #501 :
25 2 7 12 23 8 13 24 17 6 3 18 1 22 11 14 9 20 5 16 19 4 15 10 21 
Case #502 :
25 2 7 12 23 8 13 24 17 6 3 18 1 22 11 14 9 20 5 16 19 4 15 10 21 
Case #503 :
25 2 7 12 23 8 13 24 17 6 3 18 1 22 11 14 9 20 5 16 19 4 15 10 21 
Case #504 :
25 2 7 12 23 8 13 24 17 6 3 18 1 22 11 14 9 20 5 16 19 4 15 10 21 
Case #505 :
19 2 7 12 21 8 13 20 17 6 3 18 1 22 11 14 9 24 5 16 25 4 15 10 23 
Case #506 :
19 2 7 12 21 8 13 20 17 6 3 18 1 22 11 14 9 24 5 16 25 4 15 10 23 
Case #507 :
19 2 7 12 21 8 13 20 17 6 3 18 1 22 11 14 9 24 5 16 25 4 15 10 23 
Case #508 :
19 2 7 12 21 8 13 20 17 6 3 18 1 22 11 14 9 24 5 16 25 4 15 10 23 
Case #509 :
19 2 7 12 21 8 13 20 17 6 3 18 1 22 11 14 9 24 5 16 25 4 15 10 23 
Case #510 :
19 2 7 12 21 8 13 20 17 6 3 18 1 22 11 14 9 24 5 16 25 4 15 10 23 
Case #511 :
19 2 7 12 21 8 13 20 17 6 3 18 1 22 11 14 9 24 5 16 25 4 15 10 23 
Case #512 :
19 2 7 12 21 8 13 20 17 6 3 18 1 22 11 14 9 24 5 16 25 4 15 10 23 
Khong co cach di thoa man